717076 2016-06-10T22:58:07.425321 AC_Her 2457550.460923 7.399122 10 300.0 1.467595 420831.0 20160610
719289 2016-06-26T21:52:17.321087 AC_Her 2457566.415513 -14.896287 10 300.0 1.485647 279082.0 20160626
767730 2017-02-08T06:23:29.400829 AC_Her 2457792.76319 13.724869 10 300.0 1.769163 606389.0 20170207
768675 2017-02-19T06:58:35.404746 AC_Her 2457803.788113 16.527202 10 300.0 1.277175 665398.0 20170218
769234 2017-02-24T05:19:22.486261 AC_Her 2457808.71949 17.713271 10 300.0 1.781217 641433.0 20170223
771720 2017-03-24T03:40:55.825939 AC_Her 2457836.652947 21.251698 10 250.0 1.670797 325350.0 20170323
775742 2017-04-12T04:12:40.261010 AC_Her 2457855.676317 20.770325 10 300.0 1.155101 284471.0 20170411
776664 2017-04-17T04:51:03.383243 AC_Her 2457860.703315 20.231651 10 300.0 1.048947 333371.0 20170416
780106 2017-05-03T04:22:42.331100 AC_Her 2457876.684642 17.766577 10 300.0 1.018112 577661.0 20170502
781400 2017-05-07T05:05:38.935191 AC_Her 2457880.714696 16.849657 10 300.0 1.010799 0.0 20170506
787289 2017-06-08T02:21:40.361685 AC_Her 2457912.602187 8.149246 10 300.0 1.009342 688082.0 20170607
819760 2017-06-30T23:43:38.905288 AC_Her 2457935.492774 0.443401 10 300.0 1.06559 443271.0 20170630
826246 2017-07-17T00:16:49.388191 AC_Her 2457951.51568 -5.251881 10 300.0 1.008247 340124.0 20170716
833676 2017-08-07T23:21:55.817076 AC_Her 2457973.476914 -12.26053 10 600.0 1.020435 226583.0 20170807
843361 2017-09-15T21:51:30.590796 AC_Her 2458012.411947 -20.299343 10 300.0 1.102804 354400.0 20170915
871815 2018-04-05T04:34:53.859623 AC_Her 2458213.691241 21.180438 10 300.0 1.171656 1146151.0 20180404
880040 2018-05-30T00:02:19.399207 AC_Her 2458268.505107 11.333986 10 500.0 1.393118 714947.0 20180529
886921 2018-07-09T02:49:47.617085 AC_Her 2458308.622005 -2.634167 10 340.0 1.160829 231924.0 20180708
890410 2018-08-04T00:31:45.695075 AC_Her 2458334.525563 -11.103888 10 300.0 1.08488 2110324.0 20180803
892937 2018-08-27T21:36:49.170882 AC_Her 2458358.402943 -17.111553 10 300.0 1.009146 2751487.0 20180827
897108 2018-10-04T22:09:02.995025 AC_Her 2458396.422821 -21.324873 10 300.0 1.411756 2296803.0 20181004
904687 2018-12-03T19:04:47.415982 AC_Her 2458456.291433 -10.424965 10 300.0 1.795649 421639.0 20181203
909855 2019-02-02T07:09:59.703389 AC_Her 2458516.795201 11.769189 10 130.0 1.579722 1101077.0 20190201
912292 2019-02-23T06:10:12.512805 AC_Her 2458537.754691 17.349944 10 300.0 1.441177 858453.0 20190222
916012 2019-03-24T04:01:03.916936 AC_Her 2458566.66688 21.206706 10 600.0 1.553042 1434207.0 20190323
919728 2019-05-01T01:04:40.091457 AC_Her 2458604.546943 18.551892 10 180.0 1.744985 144164.0 20190430
922820 2019-05-29T23:20:49.646696 AC_Her 2458633.476276 11.476486 10 52.0 1.64599 215505.0 20190529
927758 2019-07-03T00:36:43.747719 AC_Her 2458667.529623 -0.172449 10 52.0 1.011417 399410.0 20190702
929877 2019-07-23T01:27:52.122830 AC_Her 2458687.564891 -7.247831 10 52.0 1.103144 402848.0 20190722
932776 2019-08-20T22:00:40.796222 AC_Her 2458716.419903 -15.482551 10 52.0 1.008555 202828.0 20190820
957035 2020-02-07T06:32:48.154778 AC_Her 2458886.769563 13.219591 10 52.0 1.727105 371251.0 20200206
958393 2020-02-18T06:53:31.957133 AC_Her 2458897.784489 16.13178 10 60.0 1.3182 416988.0 20200217
959461 2020-02-28T05:04:28.327925 AC_Her 2458907.709315 18.373212 10 100.0 1.786404 407224.0 20200227
