384324 2011-11-06T04:59:42.850798 SAO173329 2455871.709391 20.04067 10 1200.0 1.663635 111333.0 20111105
385043 2011-11-18T04:36:49.004900 SAO173329 2455883.694256 18.210716 10 1200.0 1.637247 117404.0 20111117
391270 2012-01-08T01:31:34.513045 SAO173329 2455934.567553 3.020219 10 1200.0 1.63343 141601.0 20120107
391804 2012-01-13T01:15:07.938988 SAO173329 2455939.556169 1.173572 10 1800.0 1.633413 171500.0 20120112
392003 2012-01-15T02:45:44.544865 SAO173329 2455941.619099 0.253568 10 2700.0 1.817216 71252.0 20120114
392656 2012-01-22T23:35:37.225279 SAO173329 2455949.487042 -2.428712 10 1200.0 1.698997 114288.0 20120122
393140 2012-01-28T01:25:41.961505 SAO173329 2455954.563428 -4.508548 10 1800.0 1.736572 54085.0 20120127
393495 2012-01-31T23:11:42.660618 SAO173329 2455958.470314 -5.726558 10 1200.0 1.674299 127034.0 20120131
393758 2012-02-04T01:29:56.893234 SAO173329 2455961.566247 -7.055558 10 2500.0 1.838403 72412.0 20120203
394648 2012-02-22T22:33:38.657547 SAO173329 2455980.443183 -12.989994 10 1100.0 1.634109 102596.0 20120222
395802 2012-03-07T21:44:52.792416 SAO173329 2455994.408628 -16.581185 10 1500.0 1.634883 98171.0 20120307
396645 2012-03-18T21:14:24.503375 SAO173329 2456005.38682 -18.738803 10 1500.0 1.642467 93398.0 20120318
399602 2012-03-29T20:37:48.915874 SAO173329 2456016.360696 -20.189195 10 1200.0 1.652127 104316.0 20120329
420347 2012-09-17T05:56:50.002317 SAO173329 2456187.745717 18.384755 10 1200.0 2.566492 78247.0 20120916
421171 2012-09-25T05:52:43.280248 SAO173329 2456195.743363 19.622944 10 1200.0 2.214769 142339.0 20120924
428066 2012-10-14T05:39:53.029611 SAO173329 2456214.735739 21.122631 10 1200.0 1.795971 129486.0 20121013
435902 2012-11-14T05:29:56.981993 SAO173329 2456245.730948 18.719801 10 1200.0 1.647898 104872.0 20121113
446743 2013-01-17T00:43:47.819309 SAO173329 2456309.534407 -0.577854 10 1200.0 1.63502 145836.0 20130116
448300 2013-01-25T00:28:30.419361 SAO173329 2456317.523734 -3.556642 10 1200.0 1.635009 131096.0 20130124
448991 2013-01-30T02:55:24.548435 SAO173329 2456322.625673 -5.640692 10 1200.0 2.565818 126011.0 20130129
452377 2013-02-13T23:38:16.750827 SAO173329 2456337.488383 -10.536907 10 1500.0 1.657652 80543.0 20130213
507631 2013-11-21T02:45:59.889023 SAO173329 2456617.617491 17.69856 10 1200.0 1.925025 104642.0 20131120
533961 2014-02-22T23:09:28.797705 SAO173329 2456711.468038 -13.177955 10 1200.0 1.670822 119029.0 20140222
