584774 2014-09-02T05:53:31.952587 SU_Gem 2456902.743173 27.387274 10 1500.0 1.296415 52200.0 20140901
596347 2014-10-03T05:34:21.359745 SU_Gem 2456933.732849 29.522955 10 1600.0 1.047389 69146.0 20141002
596974 2014-10-07T02:48:27.636151 SU_Gem 2456937.618023 29.41233 10 1600.0 1.552826 69086.0 20141006
613083 2014-12-15T22:34:58.581900 SU_Gem 2457007.446541 5.075942 10 1800.0 1.429765 52609.0 20141215
630853 2015-03-17T23:32:49.003249 SU_Gem 2457099.481745 -29.915924 10 1720.0 1.451971 51862.0 20150317
665170 2015-09-17T03:37:18.353105 SU_Gem 2457282.649967 29.561695 10 1600.0 1.809789 123291.0 20150916
670106 2015-10-03T04:37:58.043215 SU_Gem 2457298.693672 29.629572 10 1600.0 1.153158 60836.0 20151002
682366 2015-11-19T05:06:25.762097 SU_Gem 2457345.717362 17.564042 10 1800.0 1.045202 51176.0 20151118
682991 2015-11-24T00:27:19.856896 SU_Gem 2457350.523811 15.86989 10 1600.0 1.303664 99988.0 20151123
696673 2016-01-19T23:41:39.145504 SU_Gem 2457407.492359 -13.119156 10 1400.0 1.000223 239267.0 20160119
698216 2016-01-31T23:00:12.693503 SU_Gem 2457419.462949 -18.449282 10 1800.0 1.000211 68537.0 20160131
698684 2016-02-05T01:00:07.285602 SU_Gem 2457423.545957 -20.294893 10 1600.0 1.160535 117779.0 20160204
699893 2016-02-15T00:57:15.107461 SU_Gem 2457433.543234 -23.894256 10 1600.0 1.276288 275942.0 20160214
700365 2016-02-23T00:41:10.148391 SU_Gem 2457441.531404 -26.197037 10 1600.0 1.340186 227596.0 20160222
701272 2016-03-02T00:26:46.407824 SU_Gem 2457449.520691 -28.010075 10 1600.0 1.42443 126641.0 20160301
701417 2016-03-03T00:01:09.723539 SU_Gem 2457450.502815 -28.174644 10 1600.0 1.319829 68493.0 20160302
702897 2016-03-09T21:56:48.178704 SU_Gem 2457457.415798 -29.118405 10 1600.0 1.061804 162666.0 20160309
706552 2016-03-31T22:23:01.601675 SU_Gem 2457479.431837 -29.76138 10 1600.0 1.393894 112462.0 20160331
769433 2017-02-26T23:06:05.396301 SU_Gem 2457811.464978 -27.241527 10 2100.0 1.095631 82106.0 20170226
771693 2017-03-23T21:53:13.496332 SU_Gem 2457836.411976 -30.009222 10 2200.0 1.148841 54520.0 20170323
776774 2017-04-17T21:35:41.974625 SU_Gem 2457861.3974 -27.367446 10 1600.0 1.495687 41500.0 20170417
843242 2017-09-15T04:56:32.865180 SU_Gem 2458011.704882 29.355241 10 1600.0 1.317933 302430.0 20170914
844098 2017-09-19T03:39:56.176537 SU_Gem 2458015.652065 29.732181 10 1600.0 1.688122 152918.0 20170918
858563 2017-12-01T02:17:49.200071 SU_Gem 2458088.600919 12.171211 10 1600.0 1.012995 476049.0 20171130
863795 2018-01-21T03:53:29.209580 SU_Gem 2458139.667197 -14.226854 10 1600.0 1.761396 116164.0 20180120
866676 2018-02-22T01:06:08.331308 SU_Gem 2458171.548814 -26.111753 10 1600.0 1.454684 231928.0 20180221
868055 2018-03-08T00:31:45.005686 SU_Gem 2458185.523658 -28.946448 10 1600.0 1.588542 212450.0 20180307
869364 2018-03-17T23:03:59.113095 SU_Gem 2458195.461742 -29.903747 10 1600.0 1.316968 112264.0 20180317
873254 2018-04-15T21:10:56.635511 SU_Gem 2458224.380427 -27.811321 10 1600.0 1.321221 95270.0 20180415
894170 2018-09-08T05:08:48.698487 SU_Gem 2458369.712715 28.471587 10 1600.0 1.393782 152875.0 20180907
904308 2018-11-30T04:23:59.554439 SU_Gem 2458452.688499 12.558308 10 1600.0 1.048859 161075.0 20181129
908628 2019-01-23T03:27:51.101958 SU_Gem 2458506.64932 -14.997918 10 1800.0 1.591434 61586.0 20190122
914692 2019-03-12T23:53:46.023468 SU_Gem 2458555.496832 -29.525029 10 1600.0 1.462402 100421.0 20190312
915997 2019-03-23T23:34:38.571651 SU_Gem 2458566.482467 -30.098862 10 1800.0 1.611688 89860.0 20190323
918345 2019-04-21T22:02:46.858025 SU_Gem 2458595.415912 -26.605533 10 649.0 1.906078 52757.0 20190421
919185 2019-04-29T21:44:52.916295 SU_Gem 2458603.40281 -24.493932 10 649.0 2.075293 88750.0 20190429
