307881 2010-10-05T06:03:00.037000 RV_Tau 2455474.754797 25.890878 10 600.0 1.023372 180331.0 20101004
314455 2010-11-06T23:53:13.835000 RV_Tau 2455507.500277 14.58296 10 600.0 1.330874 247745.0 20101106
324963 2010-12-14T03:20:55.747000 RV_Tau 2455544.645147 -4.753291 10 600.0 1.252671 196804.0 20101213
327923 2011-01-19T20:44:53.296490 RV_Tau 2455581.368469 -21.359189 10 750.0 1.058374 199139.0 20110119
335185 2011-02-27T20:48:37.494034 RV_Tau 2455620.367585 -29.997406 10 600.0 1.043243 218313.0 20110227
341813 2011-03-30T20:40:03.822563 RV_Tau 2455651.358629 -27.258909 10 500.0 1.336011 146140.0 20110330
363749 2011-08-13T05:06:16.198843 RV_Tau 2455786.710332 27.245482 10 600.0 1.464567 170613.0 20110812
370961 2011-09-03T04:04:59.694165 RV_Tau 2455807.669771 29.689905 10 600.0 1.35276 257845.0 20110902
375066 2011-10-01T04:44:02.178966 RV_Tau 2455835.699569 27.000374 10 600.0 1.014675 89205.0 20110930
377982 2011-10-25T04:37:00.440516 RV_Tau 2455859.696586 19.730328 10 600.0 1.016899 196135.0 20111024
385506 2011-11-25T02:24:53.242450 RV_Tau 2455890.606182 5.552931 10 900.0 1.009215 49360.0 20111124
389852 2011-12-14T00:51:12.916094 RV_Tau 2455909.541174 -4.322447 10 500.0 1.003267 128474.0 20111213
392337 2012-01-18T19:38:01.563593 RV_Tau 2455945.32212 -20.772864 10 1200.0 1.231117 172217.0 20120118
394076 2012-02-08T23:09:26.593548 RV_Tau 2455966.467212 -27.55364 10 680.0 1.162815 132895.0 20120208
395874 2012-03-08T22:21:56.485367 RV_Tau 2455995.4314 -30.141191 10 1200.0 1.395853 139334.0 20120308
399608 2012-03-29T21:48:28.271609 RV_Tau 2456016.406144 -27.344662 10 600.0 1.781777 144823.0 20120329
416053 2012-08-06T05:33:53.909276 RV_Tau 2456145.728965 25.854615 10 600.0 1.447175 128118.0 20120805
419924 2012-09-14T03:39:44.272039 RV_Tau 2456184.653376 29.453099 10 600.0 1.265441 143687.0 20120913
448506 2013-01-27T20:37:47.267890 RV_Tau 2456320.362876 -24.265131 10 600.0 1.026743 168672.0 20130127
452524 2013-02-15T20:17:42.059917 RV_Tau 2456339.34723 -28.747504 10 800.0 1.001229 146566.0 20130215
457622 2013-04-05T21:12:29.307150 RV_Tau 2456388.380568 -25.676201 10 900.0 1.673717 101122.0 20130405
482220 2013-08-14T05:17:24.647029 RV_Tau 2456518.718199 27.546725 10 600.0 1.373483 143789.0 20130813
495379 2013-09-30T05:49:06.530058 RV_Tau 2456565.744714 27.014794 10 600.0 1.004476 269383.0 20130929
505637 2013-11-05T03:12:51.118865 RV_Tau 2456601.638811 15.051687 10 600.0 1.001377 214021.0 20131104
510652 2014-01-03T22:00:15.965809 RV_Tau 2456661.421768 -14.823296 10 600.0 1.039882 203698.0 20140103
542069 2014-03-05T21:30:12.895521 RV_Tau 2456722.395837 -30.174217 10 600.0 1.167293 123230.0 20140305
578792 2014-08-09T05:37:35.669026 RV_Tau 2456878.731757 26.445492 10 600.0 1.376254 432579.0 20140808
595926 2014-09-30T05:23:15.109514 RV_Tau 2456930.726743 27.104997 10 701.5 1.00142 158255.0 20140929
608383 2014-11-06T04:48:50.727662 RV_Tau 2456967.705524 14.530308 10 600.0 1.090822 253220.0 20141105
653314 2015-08-17T05:47:19.184680 RV_Tau 2457251.739221 27.962913 10 600.0 1.215315 81458.0 20150816
671661 2015-10-14T03:47:44.273209 RV_Tau 2457309.66159 23.706175 10 600.0 1.018463 161688.0 20151013
