665171 2015-09-17T04:00:45.780424 HD46703 2457282.666091 25.269501 10 500.0 1.599095 88528.0 20150916
700908 2016-02-27T02:24:54.075783 HD46703 2457445.603011 -22.802745 10 500.0 1.879122 67824.0 20160226
702113 2016-03-07T20:07:39.790073 HD46703 2457455.340276 -24.320061 10 700.0 1.113908 196896.0 20160307
706423 2016-03-30T00:04:43.971393 HD46703 2457477.503034 -25.95152 10 500.0 1.775974 187258.0 20160329
710235 2016-04-29T20:45:02.823233 HD46703 2457508.361872 -21.750332 10 940.0 1.383453 233418.0 20160429
761804 2016-12-12T23:13:01.142169 HD46703 2457735.472125 6.949545 10 1800.0 1.398385 361901.0 20161212
763088 2017-01-06T00:55:38.970273 HD46703 2457759.543504 -4.148716 10 900.0 1.100536 115354.0 20170105
769026 2017-02-22T02:42:39.811709 HD46703 2457806.615672 -21.826682 10 500.0 1.882031 147232.0 20170221
771979 2017-03-25T22:59:24.891808 HD46703 2457838.458056 -25.949931 10 500.0 1.379183 285411.0 20170325
772976 2017-04-04T22:40:01.791780 HD46703 2457848.443739 -25.666708 10 500.0 1.450738 274241.0 20170404
776604 2017-04-16T21:10:48.629174 HD46703 2457860.38079 -24.329043 10 500.0 1.312746 157832.0 20170416
782828 2017-05-22T21:22:27.883159 HD46703 2457896.386476 -14.961585 10 600.0 2.181113 228478.0 20170522
844363 2017-09-20T05:27:27.310875 HD46703 2458016.726616 25.499714 10 500.0 1.24868 139238.0 20170919
868056 2018-03-08T00:53:14.352003 HD46703 2458185.538643 -24.514235 10 600.0 1.541572 201556.0 20180307
869656 2018-03-19T22:04:23.304356 HD46703 2458197.420394 -25.675222 10 500.0 1.190134 347210.0 20180319
873255 2018-04-15T21:31:22.143512 HD46703 2458224.395178 -24.538728 10 500.0 1.358257 421026.0 20180415
893737 2018-09-04T04:34:32.738687 HD46703 2458365.688554 23.460205 10 500.0 1.685869 913064.0 20180903
894605 2018-09-12T05:41:15.818151 HD46703 2458373.735528 24.680715 10 500.0 1.292726 977649.0 20180911
904090 2018-11-28T04:58:09.842127 HD46703 2458450.711318 13.057577 10 537.0 1.151661 1184840.0 20181127
905154 2018-12-13T06:56:05.028509 HD46703 2458465.793713 6.621064 10 500.0 1.692395 819932.0 20181212
908430 2019-01-21T03:16:51.872238 HD46703 2458504.641231 -10.698514 10 500.0 1.39157 784366.0 20190120
908743 2019-01-24T02:44:15.465585 HD46703 2458507.618477 -11.905154 10 500.0 1.326769 647442.0 20190123
910125 2019-02-04T03:38:37.645178 HD46703 2458518.655722 -16.204449 10 550.0 1.758204 443929.0 20190203
911177 2019-02-12T03:24:54.062822 HD46703 2458526.645728 -18.898776 10 537.0 1.885904 785632.0 20190211
911950 2019-02-20T02:39:05.749151 HD46703 2458534.613391 -21.178931 10 537.0 1.781756 835799.0 20190219
914561 2019-03-11T21:53:56.225060 HD46703 2458554.413837 -24.893549 10 537.0 1.135511 698251.0 20190311
916252 2019-03-27T00:12:16.441970 HD46703 2458569.508624 -25.9882 10 600.0 1.718388 746316.0 20190326
917253 2019-04-08T21:12:47.649624 HD46703 2458582.382886 -25.359863 10 340.0 1.240353 458492.0 20190408
919186 2019-04-29T21:55:21.018055 HD46703 2458603.410775 -21.966694 10 340.0 1.711956 376597.0 20190429
941316 2019-10-13T06:19:02.101007 HD46703 2458769.764365 25.023679 10 340.0 1.10092 794065.0 20191012
953611 2020-01-05T03:33:54.065563 HD46703 2458853.653443 -3.556015 10 900.0 1.252675 1791566.0 20200104
956760 2020-02-05T00:17:46.160380 HD46703 2458884.516206 -16.282436 10 300.0 1.142615 497314.0 20200204
958348 2020-02-18T00:14:33.498655 HD46703 2458897.513181 -20.454542 10 340.0 1.209514 181353.0 20200217
959314 2020-02-27T01:01:34.007195 HD46703 2458906.545178 -22.779107 10 340.0 1.428853 342178.0 20200226
