613231 2014-12-17T01:40:44.169781 HD44179 2457008.574576 4.738418 10 900.0 1.298999 183473.0 20141216
614187 2015-01-05T01:02:39.982286 HD44179 2457027.548174 -3.626296 10 1200.0 1.299431 720929.0 20150104
619873 2015-01-30T23:29:26.710494 HD44179 2457053.48266 -14.147145 10 600.0 1.309095 314069.0 20150130
632390 2015-04-02T21:10:46.322598 HD44179 2457115.381921 -24.802587 10 900.0 1.591986 515779.0 20150402
632685 2015-04-04T21:06:33.001720 HD44179 2457117.378826 -24.694638 10 900.0 1.611671 384851.0 20150404
670672 2015-10-07T05:16:43.869576 HD44179 2457302.720579 24.583741 10 400.0 1.380658 175001.0 20151006
683747 2015-11-28T00:04:26.394948 HD44179 2457354.50715 12.861546 10 1000.0 2.026088 146294.0 20151127
694850 2016-01-06T00:34:22.002156 HD44179 2457393.528524 -3.889539 10 1200.0 1.296048 311591.0 20160105
697271 2016-01-24T01:24:22.473264 HD44179 2457411.562787 -11.586115 10 1400.0 1.487813 151589.0 20160123
699358 2016-02-10T00:21:18.845398 HD44179 2457428.518176 -17.591965 10 900.0 1.520458 365325.0 20160209
702115 2016-03-07T21:15:47.226828 HD44179 2457455.387472 -23.573757 10 1200.0 1.31478 260029.0 20160307
702898 2016-03-09T22:21:44.467359 HD44179 2457457.433112 -23.959317 10 900.0 1.497508 165181.0 20160309
704397 2016-03-13T21:26:27.433721 HD44179 2457461.394404 -24.315382 10 1900.0 1.357469 743559.0 20160313
758507 2016-11-09T05:36:59.018639 HD44179 2457701.737151 18.428375 10 1300.0 1.361023 218331.0 20161108
761342 2016-12-07T03:33:07.430348 HD44179 2457729.652434 8.563774 10 900.0 1.341353 241306.0 20161206
764910 2017-01-19T23:31:41.287243 HD44179 2457773.484665 -10.051985 10 500.0 1.293532 293037.0 20170119
766313 2017-01-28T22:17:39.826345 HD44179 2457782.432906 -13.44662 10 700.0 1.32374 366066.0 20170128
769014 2017-02-22T00:21:40.830537 HD44179 2457806.517627 -21.137806 10 900.0 1.826956 269214.0 20170221
769654 2017-03-01T23:27:43.755956 HD44179 2457814.479584 -22.767529 10 1164.0 1.649703 588469.0 20170301
771839 2017-03-24T21:55:15.926796 HD44179 2457837.413542 -24.991061 10 350.0 1.679346 187656.0 20170324
774394 2017-04-07T21:00:42.165781 HD44179 2457851.374506 -24.438258 10 900.0 1.653492 499831.0 20170407
843247 2017-09-15T05:50:25.218156 HD44179 2458011.742243 24.182831 10 900.0 1.573911 388657.0 20170914
866974 2018-02-24T22:54:46.782727 HD44179 2458174.4571 -21.634784 10 1200.0 1.416272 304058.0 20180224
868740 2018-03-12T22:40:38.914267 HD44179 2458190.446066 -24.277048 10 900.0 1.633712 710047.0 20180312
868960 2018-03-14T20:37:57.960980 HD44179 2458192.360716 -24.281158 10 900.0 1.303418 550359.0 20180314
906498 2019-01-04T01:16:18.254475 HD44179 2458487.557698 -3.203944 10 900.0 1.305092 1460690.0 20190103
907721 2019-01-13T23:42:11.982171 HD44179 2458497.492172 -7.380608 10 900.0 1.301482 1229229.0 20190113
912043 2019-02-20T20:56:01.930677 HD44179 2458535.374947 -20.39722 10 900.0 1.317203 284619.0 20190220
914568 2019-03-11T23:09:34.206982 HD44179 2458554.466255 -24.183398 10 640.0 1.816899 771834.0 20190311
915382 2019-03-18T20:47:35.030690 HD44179 2458561.367096 -24.593059 10 700.0 1.333459 894758.0 20190318
