494757 2013-09-25T05:38:34.451746 U_Mon 2456560.733074 23.59925 10 200.0 1.796822 992521.0 20130924
508473 2013-11-27T05:03:47.691971 U_Mon 2456623.713995 19.966447 10 200.0 1.306536 2089922.0 20131126
510671 2014-01-04T01:38:19.926968 U_Mon 2456661.57301 5.833009 10 200.0 1.281898 1821130.0 20140103
541975 2014-03-05T00:54:58.685664 U_Mon 2456721.54146 -19.080948 10 200.0 1.900441 552767.0 20140304
557256 2014-04-26T21:11:26.802674 U_Mon 2456774.382076 -25.286004 10 150.0 1.77222 271853.0 20140426
606992 2014-10-25T06:27:50.913073 U_Mon 2456955.769772 25.500506 10 150.0 1.279963 414621.0 20141024
612508 2014-12-11T03:22:08.850819 U_Mon 2457002.644226 15.660004 10 250.0 1.280178 196976.0 20141210
612516 2014-12-11T05:39:30.951641 U_Mon 2457002.739626 15.397994 10 900.0 1.539295 31082.0 20141210
615254 2015-01-14T02:30:24.120709 U_Mon 2457036.609291 1.311627 10 600.0 1.360097 4118909.0 20150113
619552 2015-01-28T23:47:56.350675 U_Mon 2457051.496374 -5.227344 10 130.0 1.288245 1310649.0 20150128
630700 2015-03-16T23:27:46.692831 U_Mon 2457098.480114 -22.087076 10 200.0 1.5986 1615034.0 20150316
631864 2015-03-29T21:48:51.417868 U_Mon 2457111.410421 -24.337051 10 200.0 1.403056 428114.0 20150329
632830 2015-04-05T22:36:38.002491 U_Mon 2457118.443023 -25.197935 10 200.0 1.781697 1065875.0 20150405
636497 2015-04-21T20:33:57.061071 U_Mon 2457134.356485 -25.489492 10 200.0 1.453357 1941608.0 20150421
673161 2015-10-29T04:32:19.715486 U_Mon 2457324.689868 25.458911 10 200.0 1.440045 761631.0 20151028
695802 2016-01-12T23:17:59.798467 U_Mon 2457400.475676 2.261217 10 200.0 1.499376 1055651.0 20160112
702120 2016-03-07T22:36:04.968812 U_Mon 2457455.4448 -19.861732 10 200.0 1.322739 991547.0 20160307
708221 2016-04-13T21:14:44.051357 U_Mon 2457492.385427 -25.568375 10 200.0 1.501392 1035333.0 20160413
759594 2016-11-20T06:18:53.843169 U_Mon 2457712.765701 21.629126 10 200.0 1.402731 760531.0 20161119
766745 2017-02-01T00:35:11.807280 U_Mon 2457785.529142 -6.873599 10 200.0 1.295486 1209688.0 20170131
777294 2017-04-21T22:04:51.036507 U_Mon 2457865.419585 -25.587999 10 200.0 2.112201 1539853.0 20170421
855239 2017-11-02T06:19:30.873904 U_Mon 2458059.764709 24.855888 10 200.0 1.283926 325347.0 20171101
861760 2018-01-04T01:59:43.248898 U_Mon 2458122.587899 5.816936 10 300.0 1.278716 1552589.0 20180103
873803 2018-04-24T20:35:32.013442 U_Mon 2458233.357347 -25.336642 10 200.0 1.507049 646012.0 20180424
906646 2019-01-05T01:41:58.885289 U_Mon 2458488.575605 5.517254 10 200.0 1.278221 2894520.0 20190104
911307 2019-02-13T03:02:37.622151 U_Mon 2458527.631189 -12.000097 10 200.0 2.579194 1841187.0 20190212
918763 2019-04-25T21:22:07.717419 U_Mon 2458599.389649 -25.366257 10 30.0 1.822255 464523.0 20190425
941786 2019-10-17T05:54:06.536679 U_Mon 2458773.745684 25.665389 10 30.0 1.341488 952024.0 20191016
954180 2020-01-10T02:57:50.601225 U_Mon 2458858.628364 3.202566 10 120.0 1.394559 1360621.0 20200109
959560 2020-02-29T01:36:59.650553 U_Mon 2458908.570963 -17.698589 10 30.0 2.194304 643016.0 20200228
