236340 2009-06-10T22:57:59.775765 IRAS19135+3937 2454993.45906 9.609833 HC010 1200.000000 1.700055 2059040.000000  20090610
240057 2009-06-29T21:43:37.385262 IRAS19135+3937 2455012.40789 5.767144 11 1601.989000 1.723231 423974.000000  20090629
240058 2009-06-29T22:11:28 IRAS19135+3937 2455012.42723 5.743329 11 1614.336000 1.531864 454968.000000  20090629
240059 2009-06-29T22:39:22 IRAS19135+3937 2455012.4466 5.715611 11 1604.559000 1.387032 464631.000000  20090629
241342 2009-07-13T01:33:44.619770 IRAS19135+3937 2455025.56787 2.443367 10 1800.000000 1.020535 485095.000000  20090712
241975 2009-07-22T00:49:57.591764 IRAS19135 2455034.5375 0.317948 10 1800.000000 1.019215 0.000000  20090721
241976 2009-07-22T01:21:35.507759 IRAS19135 2455034.55947 0.269844 10 1800.000000 1.029192 0.000000  20090721
242195 2009-07-24T23:13:51.603774 IRAS19135+3937 2455037.47077 -0.274368 10 1000.000000 1.052884 0.000000  20090724
244289 2009-08-17T22:36:33 IRAS19135+3937 2455061.44461 -5.931193 Prog_10 940.000000 1.019933 0.000000  20090817
247119 2009-09-09T22:09:19 IRAS19135+3937 2455084.42506 -10.537363 Evolved_Obj_prog10 900.000000 1.036523 130272.000000  20090909
247424 2009-09-11T21:58:08 IRAS19135+3937 2455086.41723 -10.863785 Evolved_Obj_prog10 1200.000000 1.032653 46697.000000  20090911
296485 2010-08-15T02:37:04.563000 IRAS19135+3937 2455423.6117 -5.516217 10 1400.000000 1.401603 87548.000000  20100814
297254 2010-08-21T22:55:12.986000 IRAS19135+3937 2455430.4575 -6.793658 10 2100.000000 1.019672 165472.000000  20100821
314063 2010-10-31T20:03:43.162000 IRAS19135+3937 2455501.33556 -14.507278 10 1400.000000 1.131662 243442.000000  20101031
314446 2010-11-06T19:54:50.758000 IRAS19135+3937 2455507.32911 -14.260764 10 1400.000000 1.162854 222158.000000  20101106
341758 2011-03-30T05:06:33.396766 IRAS19135+3937 2455650.71184 13.481663 10 800.000000 1.270074 120951.000000  20110329
352674 2011-05-26T03:57:15.940005 IRAS19135+3937 2455707.66632 11.942104 10 1800.000000 1.025497 73885.000000  20110525
354144 2011-06-02T00:10:54.857466 IRAS19135+3937 2455714.50939 11.18867 10 1400.000000 1.479875 84912.000000  20110601
359430 2011-07-03T01:34:26.529290 IRAS19135+3937 2455745.56824 4.921592 10 1400.000000 1.021964 155421.000000  20110702
360868 2011-07-19T01:04:00.594170 IRAS19135+3937 2455761.54727 1.160931 10 1400.000000 1.019670 205043.000000  20110718
361006 2011-07-21T01:34:21.454917 IRAS19135+3937 2455763.56835 0.628753 10 1400.000000 1.035325 197730.000000  20110720
362001 2011-07-31T02:46:47.911240 IRAS19135+3937 2455773.61864 -1.914419 10 1400.000000 1.218166 113159.000000  20110730
362632 2011-08-05T00:58:24.891106 IRAS19135+3937 2455778.54334 -2.985452 10 1400.000000 1.054866 146046.000000  20110804
363454 2011-08-10T23:41:59.322571 IRAS19135+3937 2455784.49019 -4.29762 10 1400.000000 1.021406 130640.000000  20110810
370950 2011-09-02T23:47:18.510199 IRAS19135+3937 2455807.49337 -9.302693 10 1800.000000 1.108427 117747.000000  20110902
374231 2011-09-23T22:15:24.713648 IRAS19135+3937 2455828.42879 -12.604074 10 1700.000000 1.094578 92134.000000  20110923
375160 2011-10-02T22:33:06.353849 IRAS19135+3937 2455837.44068 -13.642537 10 1800.000000 1.203325 70053.000000  20111002
375874 2011-10-08T20:36:10.855642 IRAS19135+3937 2455843.35922 -13.996218 10 1600.000000 1.046911 87691.000000  20111008
384462 2011-11-07T20:15:06.504681 IRAS19135+3937 2455873.34316 -14.22772 10 1400.000000 1.222473 45665.000000  20111107
395745 2012-03-07T05:39:59.783167 IRAS19135+3937 2455993.73419 10.523703 10 2400.000000 1.588834 85478.000000  20120306
397189 2012-03-24T05:03:48.897513 IRAS19135+3937 2456010.70972 12.966463 10 1000.000000 1.364761 117293.000000  20120323
399553 2012-03-29T03:28:02.468160 IRAS19135+3937 2456015.64342 13.530817 10 1400.000000 1.887800 139918.000000  20120328
403024 2012-04-16T04:06:16.405580 IRAS19135+3937 2456033.6708 14.466658 10 1400.000000 1.255498 141664.000000  20120415
406609 2012-05-09T01:03:30.536354 IRAS19135+3937 2456056.54496 13.898817 10 1400.000000 1.738167 69512.000000  20120508
410256 2012-06-04T02:16:09.461724 IRAS19135+3937 2456082.59648 10.579781 10 1600.000000 1.078940 117187.000000  20120603
410862 2012-06-09T00:30:57.803781 IRAS19135+3937 2456087.52359 9.849537 10 1400.000000 1.265326 94129.000000  20120608
411001 2012-06-10T00:53:42.262014 IRAS19135+3937 2456088.53941 9.6411 10 2000.000000 1.201018 111836.000000  20120609
412254 2012-06-24T21:40:12.213277 IRAS19135+3937 2456103.40544 6.818741 10 1400.000000 1.907309 55932.000000  20120624
412470 2012-06-28T22:22:01.121608 IRAS19135+3937 2456107.43456 5.906665 10 1400.000000 1.478985 63195.000000  20120628
413299 2012-07-08T23:35:11.140597 IRAS19135+3937 2456117.48552 3.526406 10 1400.000000 1.112533 116036.000000  20120708
414226 2012-07-19T01:01:26.006887 IRAS19135+3937 2456127.54549 0.980875 10 1200.000000 1.020033 122291.000000  20120718
415391 2012-07-27T21:57:25.755594 IRAS19135+3937 2456136.41771 -0.954761 10 1400.000000 1.158323 171526.000000  20120727
415686 2012-08-01T00:03:23.166589 IRAS19135+3937 2456140.50515 -2.110526 10 1400.000000 1.019019 174144.000000  20120731
415971 2012-08-05T02:48:33.612614 IRAS19135+3937 2456144.61982 -3.293377 10 1400.000000 1.296213 116543.000000  20120804
416105 2012-08-06T23:33:05.066897 IRAS19135+3937 2456146.48406 -3.50322 10 1400.000000 1.018919 222885.000000  20120806
416578 2012-08-12T22:56:31.046568 IRAS19135+3937 2456152.45858 -4.864127 10 800.000000 1.019599 99769.000000  20120812
417170 2012-08-17T23:55:46.244288 IRAS19135+3937 2456157.49963 -6.104732 10 1400.000000 1.046725 194998.000000  20120817
418187 2012-08-25T23:37:18.100366 IRAS19135+3937 2456165.48663 -7.822982 10 1400.000000 1.059575 67034.000000  20120825
419147 2012-09-06T00:45:12.379393 IRAS19135+3937 2456176.53346 -10.06068 10 1400.000000 1.305053 117225.000000  20120905
419301 2012-09-08T01:58:56.607305 IRAS19135+3937 2456178.5846 -10.477969 10 1650.000000 1.751811 108813.000000  20120907
420451 2012-09-18T00:18:48.105106 IRAS19135+3937 2456188.51469 -12.023183 10 1500.000000 1.386030 74127.000000  20120917
458394 2013-04-10T05:56:49.928969 IRAS19135+3937 2456392.74729 14.16702 10 1250.000000 1.070600 154412.000000  20130409
473807 2013-05-29T04:34:51.267100 IRAS19135+3937 2456441.69257 11.377898 10 1700.000000 1.021782 108753.000000  20130528
475445 2013-06-13T22:54:53.704295 IRAS19135+3937 2456457.45702 9.055516 10 1400.000000 1.647195 83360.000000  20130613
476879 2013-06-24T23:40:14.086632 IRAS19135+3937 2456468.48879 6.759921 10 2200.000000 1.250649 128395.000000  20130624
477500 2013-07-03T22:28:49.059742 IRAS19135+3937 2456477.43936 4.83782 10 1400.000000 1.357650 79287.000000  20130703
478341 2013-07-15T01:31:06.171096 IRAS19135+3937 2456488.56607 1.96164 10 1800.000000 1.021853 116321.000000  20130714
481387 2013-08-08T02:53:46.545620 IRAS19135+3937 2456512.62342 -3.959264 10 1300.000000 1.361812 124405.000000  20130807
491111 2013-09-08T23:08:52.747393 IRAS19135+3937 2456544.46648 -10.454438 10 1400.000000 1.093051 131048.000000  20130908
495502 2013-09-30T23:46:55.850635 IRAS19135+3937 2456566.49203 -13.564326 10 1400.000000 1.479812 83935.000000  20130930
507909 2013-11-22T20:50:14.102908 IRAS19135+3937 2456619.36687 -12.860115 10 1600.000000 1.669985 96607.000000  20131122
532463 2014-02-07T06:26:39.268186 IRAS19135+3937 2456695.76589 4.502937 10 1400.000000 2.110897 54067.000000  20140206
558561 2014-05-08T02:09:28.497266 IRAS19135+3937 2456785.59071 13.953629 10 1400.000000 1.376607 80816.000000  20140507
562309 2014-06-04T23:47:30.527574 IRAS19135+3937 2456813.49327 10.669932 10 1400.000000 1.540530 89551.000000  20140604
573640 2014-06-23T03:04:16.556191 IRAS19135+3937 2456831.63044 6.956746 10 1600.000000 1.024306 86582.000000  20140622
574624 2014-07-07T04:54:18.915515 IRAS19135+3937 2456845.70711 3.656023 10 1400.000000 1.332703 76584.000000  20140706
577587 2014-07-31T00:39:53.993301 IRAS19135+3937 2456869.53052 -1.807509 10 1400.000000 1.027194 110215.000000  20140730
580852 2014-08-20T23:12:50.937292 IRAS19135+3937 2456890.46978 -6.595809 10 1400.000000 1.025207 106180.000000  20140820
585065 2014-09-04T22:46:26.216866 IRAS19135+3937 2456905.45103 -9.646092 10 1250.000000 1.047354 123258.000000  20140904
609069 2014-11-10T20:27:06.170405 IRAS19135+3937 2456972.35134 -14.040547 10 2000.000000 1.284889 97814.000000  20141110
645945 2015-06-21T03:41:13.373046 IRAS19135+3937 2457194.65604 7.36689 10 2200.000000 1.036919 113519.000000  20150620
648872 2015-07-12T21:48:42.664443 IRAS19135+3937 2457216.41161 2.882783 10 1400.000000 1.386686 37480.000000  20150712
651281 2015-07-30T23:50:30.310604 IRAS19135+3937 2457234.49622 -1.665917 10 2200.000000 1.022194 110835.000000  20150730
654067 2015-08-22T21:42:06.187709 IRAS19135+3937 2457257.40672 -6.851974 10 2270.000000 1.044094 113500.000000  20150822
661586 2015-09-10T23:18:00.439144 IRAS19135+3937 2457276.47276 -10.7265 10 1400.000000 1.118063 46080.000000  20150910
707751 2016-04-11T03:59:29.644291 IRAS19135+3937 2457489.66586 14.335389 10 1400.000000 1.351882 47975.000000  20160410
710131 2016-04-29T05:30:18.695007 IRAS19135+3937 2457507.72978 14.184797 10 2340.000000 1.033309 92011.000000  20160428
727202 2016-08-07T23:05:52.502841 IRAS19135+3937 2457608.46514 -3.715804 10 2000.000000 1.024737 68465.000000  20160807
729120 2016-08-23T21:21:27.380443 IRAS19135+3937 2457624.39234 -7.188017 10 1400.000000 nan 49066.000000  20160823
767869 2017-02-09T06:23:47.093023 IRAS19135+3937 2457793.76392 5.025162 10 1820.000000 2.071103 84382.000000  20170208
769134 2017-02-23T05:03:40.962296 IRAS19135+3937 2457807.70859 8.185459 10 1400.000000 2.393866 65486.000000  20170222
787689 2017-06-10T22:57:05.213729 IRAS19135+3937 2457915.45844 9.612692 10 1400.000000 1.713986 60015.000000  20170610
819614 2017-06-30T01:14:50.116028 IRAS19135+3937 2457934.55457 5.51314 10 1400.000000 1.035955 69754.000000  20170629
842180 2017-09-09T21:59:00.681554 IRAS19135+3937 2458006.41791 -10.5222 10 1400.000000 1.027421 50320.000000  20170909
843620 2017-09-17T00:04:06.556419 IRAS19135+3937 2458013.50452 -11.825809 10 1400.000000 1.307374 47558.000000  20170916
892940 2018-08-27T23:09:25.281319 IRAS19135+3937 2458358.46721 -8.087705 10 1575.243000 1.036747 221118.000000  20180827
910671 2019-02-08T05:16:28.604375 IRAS19135+3937 2458522.71714 4.674772 10 1800.000000 3.681026 151080.000000  20190207
910672 2019-02-08T05:48:31.960523 IRAS19135+3937 2458522.7394 4.676846 10 1400.000000 2.669797 122360.000000  20190207
911647 2019-02-17T06:42:14.499836 IRAS19135+3937 2458531.77686 6.7456 10 1600.000000 1.616157 174669.000000  20190216
912689 2019-02-26T06:31:16.103346 IRAS19135+3937 2458540.76947 8.655759 10 1800.000000 1.478380 171171.000000  20190225
914599 2019-03-12T05:03:14.884573 IRAS19135+3937 2458554.70879 11.23878 10 1400.000000 1.665107 141756.000000  20190311
