395745 2012-03-07T05:39:59.783167 IRAS19135+3937 2455993.734186 10.523703 10 2400.0 1.588834 85478.0 20120306
397189 2012-03-24T05:03:48.897513 IRAS19135+3937 2456010.709716 12.966463 10 1000.0 1.364761 117293.0 20120323
399553 2012-03-29T03:28:02.468160 IRAS19135+3937 2456015.64342 13.530817 10 1400.0 1.8878 139918.0 20120328
403024 2012-04-16T04:06:16.405580 IRAS19135+3937 2456033.670803 14.466658 10 1400.0 1.255498 141664.0 20120415
406609 2012-05-09T01:03:30.536354 IRAS19135+3937 2456056.544961 13.898817 10 1400.0 1.738167 69512.0 20120508
410256 2012-06-04T02:16:09.461724 IRAS19135+3937 2456082.596475 10.579781 10 1600.0 1.07894 117187.0 20120603
410862 2012-06-09T00:30:57.803781 IRAS19135+3937 2456087.523589 9.849537 10 1400.0 1.265326 94129.0 20120608
411001 2012-06-10T00:53:42.262014 IRAS19135+3937 2456088.539414 9.6411 10 2000.0 1.201018 111836.0 20120609
412254 2012-06-24T21:40:12.213277 IRAS19135+3937 2456103.405437 6.818741 10 1400.0 1.907309 55932.0 20120624
412470 2012-06-28T22:22:01.121608 IRAS19135+3937 2456107.434557 5.906665 10 1400.0 1.478985 63195.0 20120628
413299 2012-07-08T23:35:11.140597 IRAS19135+3937 2456117.485519 3.526406 10 1400.0 1.112533 116036.0 20120708
414226 2012-07-19T01:01:26.006887 IRAS19135+3937 2456127.545488 0.980875 10 1200.0 1.020033 122291.0 20120718
415391 2012-07-27T21:57:25.755594 IRAS19135+3937 2456136.417706 -0.954761 10 1400.0 1.158323 171526.0 20120727
415686 2012-08-01T00:03:23.166589 IRAS19135+3937 2456140.505154 -2.110526 10 1400.0 1.019019 174144.0 20120731
415971 2012-08-05T02:48:33.612614 IRAS19135+3937 2456144.619823 -3.293377 10 1400.0 1.296213 116543.0 20120804
416105 2012-08-06T23:33:05.066897 IRAS19135+3937 2456146.484055 -3.50322 10 1400.0 1.018919 222885.0 20120806
416578 2012-08-12T22:56:31.046568 IRAS19135+3937 2456152.458578 -4.864127 10 800.0 1.019599 99769.0 20120812
417170 2012-08-17T23:55:46.244288 IRAS19135+3937 2456157.499635 -6.104732 10 1400.0 1.046725 194998.0 20120817
418187 2012-08-25T23:37:18.100366 IRAS19135+3937 2456165.486626 -7.822982 10 1400.0 1.059575 67034.0 20120825
419147 2012-09-06T00:45:12.379393 IRAS19135+3937 2456176.533459 -10.06068 10 1400.0 1.305053 117225.0 20120905
419301 2012-09-08T01:58:56.607305 IRAS19135+3937 2456178.584596 -10.477969 10 1650.0 1.751811 108813.0 20120907
420451 2012-09-18T00:18:48.105106 IRAS19135+3937 2456188.514689 -12.023183 10 1500.0 1.38603 74127.0 20120917
421841 2012-09-27T23:12:57.673480 IRAS19135+3937 2456198.468554 -13.237359 10 1800.0 1.27323 68929.0 20120927
