768384 2017-02-17T01:44:00.964849 HR4049 2457801.576515 8.856744 10 120.0 1.872231 740554.0 20170216
769801 2017-03-04T01:33:35.857662 HR4049 2457816.569572 2.642997 10 300.0 1.934256 2487591.0 20170303
771559 2017-03-23T00:08:44.643630 HR4049 2457835.510569 -5.170695 10 200.0 1.912401 1557180.0 20170322
772239 2017-03-27T23:38:10.727409 HR4049 2457840.489241 -7.149183 10 200.0 1.893032 2475248.0 20170327
773577 2017-04-05T22:42:46.545882 HR4049 2457849.450503 -10.530002 10 120.0 1.874293 1489462.0 20170405
777180 2017-04-20T21:28:05.860821 HR4049 2457864.39799 -15.540225 10 120.0 1.873379 1468678.0 20170420
782827 2017-05-22T21:12:34.161411 HR4049 2457896.385124 -22.656595 10 240.0 2.179876 2344467.0 20170522
786380 2017-05-31T21:10:56.794653 HR4049 2457905.383308 -23.512828 10 120.0 2.494422 891137.0 20170531
786873 2017-06-04T20:56:28.254893 HR4049 2457909.372944 -23.69575 10 520.0 2.470648 1577580.0 20170604
866005 2018-02-16T01:47:22.094517 HR4049 2458165.578815 9.349945 10 160.0 1.872189 2924367.0 20180215
868431 2018-03-11T00:56:33.883060 HR4049 2458188.543894 -0.126666 10 240.0 1.910809 2960300.0 20180310
870423 2018-03-25T00:22:43.419477 HR4049 2458202.520255 -5.920182 10 240.0 1.967657 3032535.0 20180324
872983 2018-04-13T21:51:27.199551 HR4049 2458222.414567 -13.208065 10 120.0 1.876055 1412550.0 20180413
873544 2018-04-17T22:47:11.203198 HR4049 2458226.453084 -14.652773 10 120.0 1.967015 1814525.0 20180417
878072 2018-05-14T21:03:04.191679 HR4049 2458253.379142 -21.385508 10 120.0 1.974141 1302728.0 20180514
904318 2018-11-30T06:52:22.614598 HR4049 2458452.785481 23.869228 10 120.0 1.872408 4208492.0 20181129
906518 2019-01-04T04:38:53.375430 HR4049 2458487.695554 22.239227 10 300.0 1.872315 9765028.0 20190103
907848 2019-01-15T04:12:05.266023 HR4049 2458498.677716 19.877438 10 120.0 1.88046 4078864.0 20190114
908749 2019-01-24T03:47:34.535173 HR4049 2458507.661255 17.41534 10 120.0 1.893813 2505044.0 20190123
909746 2019-02-01T03:11:00.247982 HR4049 2458515.636289 14.894633 10 300.0 1.884744 8170320.0 20190131
911058 2019-02-11T03:43:34.466634 HR4049 2458525.659348 11.185688 10 750.0 2.102599 7832163.0 20190210
911634 2019-02-17T04:09:25.684237 HR4049 2458531.677506 8.79923 10 400.0 2.558135 10477206.0 20190216
912932 2019-02-28T02:31:43.097931 HR4049 2458542.609901 4.463344 10 200.0 2.100504 7130181.0 20190227
914572 2019-03-12T00:04:06.259918 HR4049 2458554.507475 -0.361735 10 200.0 1.875481 6198299.0 20190311
915086 2019-03-16T01:51:42.926536 HR4049 2458558.582189 -2.241776 10 200.0 2.255194 4554916.0 20190315
915871 2019-03-23T00:26:40.949007 HR4049 2458565.523057 -4.990267 10 240.0 1.952306 7420976.0 20190322
918030 2019-04-18T22:32:25.089457 HR4049 2458592.442805 -14.853604 10 120.0 1.932525 3070362.0 20190418
919081 2019-04-28T21:51:19.067966 HR4049 2458602.413722 -17.767578 10 120.0 1.928066 3399410.0 20190428
920591 2019-05-08T20:44:39.078598 HR4049 2458612.366797 -20.117529 10 120.0 1.881499 3590208.0 20190508
944244 2019-11-12T06:51:31.720816 HR4049 2458799.783523 21.279428 10 120.0 2.028234 2997033.0 20191111
951237 2019-12-01T06:58:51.432717 HR4049 2458818.790055 23.922215 10 180.0 1.873357 6564574.0 20191130
953489 2020-01-04T04:38:56.606511 HR4049 2458852.695586 22.270954 10 300.0 1.872596 9573270.0 20200103
954564 2020-01-13T03:59:42.533553 HR4049 2458861.66898 20.456808 10 600.0 1.873966 17140991.0 20200112
959313 2020-02-27T00:53:59.891456 HR4049 2458906.542032 5.153063 10 180.0 1.876935 2744484.0 20200226
