361278 2011-07-25T05:01:08.516633 BD+46.442 2455767.70816 24.216877 10 900.000000 1.140109 399515.000000  20110724
361506 2011-07-27T05:02:49.594255 BD+46.442 2455769.70949 24.357521 10 900.000000 1.125353 327392.000000  20110726
362371 2011-08-03T05:33:30.070848 BD+46.442 2455776.73137 24.588656 10 900.000000 1.066198 345493.000000  20110802
363333 2011-08-10T04:36:36.795256 BD+46.442 2455783.69243 24.565484 10 900.000000 1.089773 340420.000000  20110809
366997 2011-08-18T05:40:44.513007 BD+46.442 2455791.73762 23.985569 10 900.000000 1.055036 296815.000000  20110817
369275 2011-08-24T05:22:47.551628 BD+46.442 2455797.72563 23.352744 10 900.000000 1.056693 354836.000000  20110823
374037 2011-09-22T03:32:02.121792 BD+46.442 2455826.6507 17.002135 10 1150.000000 1.057102 252036.000000  20110921
375052 2011-10-01T01:37:22.885702 BD+46.442 2455835.57155 14.170758 10 900.000000 1.068876 297902.000000  20110930
375566 2011-10-06T23:49:21.973142 BD+46.442 2455841.4968 12.122846 10 1200.000000 1.183132 211210.000000  20111006
375732 2011-10-08T01:59:02.668573 BD+46.442 2455842.58689 11.559764 10 900.000000 1.052510 293542.000000  20111007
376160 2011-10-11T02:34:15.051432 BD+46.442 2455845.61145 10.35096 10 900.000000 1.065978 286837.000000  20111010
376819 2011-10-13T21:45:26.575453 BD+46.442 2455848.41098 9.554797 10 900.000000 1.494975 292355.000000  20111013
377601 2011-10-18T00:19:27.578302 BD+46.442 2455852.51806 7.742115 10 1200.000000 1.079023 149698.000000  20111017
377892 2011-10-23T03:20:40.917637 BD+46.442 2455857.64402 5.384666 10 900.000000 1.187709 271105.000000  20111022
378052 2011-10-26T02:11:38.973608 BD+46.442 2455860.59613 4.189454 10 900.000000 1.096829 319579.000000  20111025
383610 2011-11-01T00:48:20.679304 BD+46.442 2455866.53834 1.690843 10 900.000000 1.055728 322790.000000  20111031
384230 2011-11-05T01:18:32.295747 BD+46.442 2455870.55932 -0.111393 10 900.000000 1.082897 316314.000000  20111104
384396 2011-11-07T02:25:15.092658 BD+46.442 2455872.60564 -1.080498 10 900.000000 1.195329 310195.000000  20111106
384786 2011-11-15T01:16:02.866439 BD+46.442 2455880.55751 -4.485319 10 900.000000 1.126583 337993.000000  20111114
384951 2011-11-16T23:00:44.178398 BD+46.442 2455882.46352 -5.155707 10 900.000000 1.055671 344701.000000  20111116
385121 2011-11-19T01:10:16.567417 BD+46.442 2455884.55344 -6.21276 10 900.000000 1.142126 233882.000000  20111118
385234 2011-11-20T23:45:36.157360 BD+46.442 2455886.49459 -6.954399 10 900.000000 1.061942 294323.000000  20111120
385394 2011-11-23T01:08:15.554577 BD+46.442 2455888.55194 -7.928132 10 1027.434000 1.164462 131493.000000  20111122
385498 2011-11-25T00:21:33.458183 BD+46.442 2455890.51946 -8.713485 10 1300.000000 1.101123 86983.000000  20111124
385499 2011-11-25T00:44:03.751160 BD+46.442 2455890.53509 -8.74442 10 1300.000000 1.132585 92545.000000  20111124
389246 2011-12-07T21:02:38.132387 BD+46.442 2455903.38084 -13.625207 10 900.000000 1.074086 159970.000000  20111207
390038 2011-12-15T21:38:02.992638 BD+46.442 2455911.40503 -16.549928 10 1600.000000 1.052594 116080.000000  20111215
390992 2012-01-03T21:21:52.014030 nan 2455930.39256 -21.994508 10 1200.000000 1.080048 77155.000000  20120103
391247 2012-01-07T21:53:34.129004 BD+46.442 2455934.41427 -22.879286 10 900.000000 1.141984 297119.000000  20120107
391872 2012-01-13T20:41:08.830892 BD+46.442 2455940.36352 -23.857106 10 1300.000000 1.078158 472841.000000  20120113
392177 2012-01-16T22:31:29.744155 BD+46.442 2455943.4399 -24.41783 10 900.000000 1.319623 298119.000000  20120116
392578 2012-01-21T21:29:26.133745 BD+46.442 2455948.3964 -24.935556 10 900.000000 1.202035 308613.000000  20120121
393023 2012-01-26T20:37:27.169160 BD+46.442 2455953.35989 -25.257035 10 900.000000 1.139694 343744.000000  20120126
393334 2012-01-29T21:31:03.757143 BD+46.442 2455956.39686 -25.436183 10 900.000000 1.289683 234778.000000  20120129
393413 2012-01-30T23:33:10.347602 BD+46.442 2455957.48157 -25.530047 10 1000.000000 2.025061 220346.000000  20120130
394232 2012-02-10T22:55:12.017272 BD+46.442 2455968.45428 -25.274235 10 750.000000 2.104911 181258.000000  20120210
