510753 2014-01-04T19:17:44.037231 HD213985 2456662.300366 -23.175472 10 1200.0 1.818958 104715.0 20140104
574071 2014-06-29T05:12:53.891565 HD213985 2456837.720489 24.341838 10 900.0 1.441968 312554.0 20140628
575389 2014-07-13T02:52:46.219986 HD213985 2456851.624209 20.10599 10 1200.0 1.627527 609961.0 20140712
578002 2014-08-03T02:55:08.497794 HD213985 2456872.626966 11.393145 10 1200.0 1.44326 457226.0 20140802
579151 2014-08-12T02:46:42.495498 HD213985 2456881.621389 7.168515 10 1200.0 1.440772 910763.0 20140811
583094 2014-08-27T03:31:34.343658 HD213985 2456896.652723 -0.367819 10 1200.0 1.688394 698783.0 20140826
595994 2014-09-30T23:09:39.171804 HD213985 2456931.469832 -16.672875 10 1800.0 1.442507 1032215.0 20140930
596320 2014-10-02T23:18:47.761361 HD213985 2456933.476067 -17.536338 10 1800.0 1.439007 1433133.0 20141002
596657 2014-10-04T23:10:07.185679 HD213985 2456935.469923 -18.343066 10 1800.0 1.438947 1504481.0 20141004
607678 2014-10-30T22:46:44.054814 HD213985 2456961.451699 -26.888933 10 1200.0 1.568633 732578.0 20141030
614158 2015-01-04T19:44:24.615195 HD213985 2457027.318915 -23.283191 10 1800.0 1.981712 552309.0 20150104
645339 2015-06-17T05:11:33.598056 HD213985 2457190.718508 27.184803 10 1200.0 1.513417 777063.0 20150616
647437 2015-07-02T05:11:53.446966 HD213985 2457205.720011 23.539057 10 1200.0 1.439482 770975.0 20150701
648628 2015-07-11T05:16:03.292576 HD213985 2457214.723569 20.648793 56 1500.0 1.454635 242118.0 20150710
649404 2015-07-17T01:59:02.813295 HD213985 2457220.587143 18.814726 10 1200.0 1.842288 593343.0 20150716
650756 2015-07-27T05:00:36.799481 HD213985 2457230.713791 14.370661 10 1600.0 1.544028 725319.0 20150726
651435 2015-08-01T05:05:14.975446 HD213985 2457235.717235 12.166552 10 1200.0 1.643584 757746.0 20150731
653553 2015-08-19T02:30:44.741927 HD213985 2457253.610431 3.874913 10 1200.0 1.44625 624705.0 20150818
661728 2015-09-12T01:48:44.940396 HD213985 2457277.581107 -8.045608 10 1200.0 1.533589 206692.0 20150911
694663 2016-01-04T19:48:12.360050 HD213985 2457392.321569 -23.398228 10 1800.0 2.007479 411816.0 20160104
759650 2016-11-20T20:47:54.668374 HD213985 2457713.367135 -29.881931 10 1200.0 1.479402 285331.0 20161120
762228 2016-12-16T20:26:31.899760 HD213985 2457739.349742 -28.154953 10 2400.0 1.721717 264586.0 20161216
833019 2017-08-04T04:36:22.859873 HD213985 2457969.697304 10.610028 10 1800.0 1.562925 461889.0 20170803
834678 2017-08-15T03:16:46.310045 HD213985 2457980.642321 5.527931 10 1200.0 1.483786 562641.0 20170814
843021 2017-09-14T00:35:08.225757 HD213985 2458010.5299 -9.112989 10 1200.0 1.436798 548023.0 20170913
