494303 2013-09-22T04:55:08.188846 IRAS06165+3158 2456557.704433 29.468759 10 2700.0 1.263171 128624.0 20130921
494304 2013-09-22T05:40:58.350151 IRAS06165+3158 2456557.736267 29.411601 10 2700.0 1.13198 124057.0 20130921
505813 2013-11-07T02:12:46.041549 IRAS06165+3158 2456603.595853 22.555332 10 2500.0 1.197807 98491.0 20131106
506576 2013-11-12T03:51:26.581871 IRAS06165+3158 2456608.664741 20.593215 10 2500.0 1.011041 106876.0 20131111
509211 2013-12-05T03:34:58.699351 IRAS06165+3158 2456631.654521 10.533434 10 2500.0 1.012127 114566.0 20131204
510877 2014-01-06T01:31:03.684170 IRAS06165+3158 2456663.568733 -5.890995 10 2500.0 1.013222 98308.0 20140105
511201 2014-01-11T02:08:48.532037 IRAS06165+3158 2456668.594827 -8.523866 10 2500.0 1.073351 99049.0 20140108
533140 2014-02-13T01:12:57.543474 IRAS06165+3158 2456701.554293 -22.819233 10 2500.0 1.251778 111351.0 20140212
533956 2014-02-22T20:56:22.377841 IRAS06165+3158 2456711.375319 -25.460005 10 2500.0 1.01713 68577.0 20140222
558831 2014-05-09T21:21:39.711148 IRAS06165+3158 2456787.385975 -21.324001 10 2500.0 1.949852 67510.0 20140509
580053 2014-08-18T05:32:49.692767 IRAS06165+3158 2456887.727464 23.048381 10 2500.0 1.900598 107919.0 20140817
584861 2014-09-03T05:18:04.956163 IRAS06165+3158 2456903.718556 27.1527 10 1600.0 1.460801 82055.0 20140902
612103 2014-12-08T04:41:33.636792 IRAS06165+3158 2456999.700857 9.064846 10 2500.0 1.104644 102062.0 20141207
612774 2014-12-13T00:43:45.650659 IRAS06165+3158 2457004.535849 6.964016 10 2500.0 1.082154 89639.0 20141212
619383 2015-01-27T22:08:36.594931 IRAS06165+3158 2457050.427347 -16.113267 10 1300.0 1.034813 41280.0 20150127
623771 2015-02-20T23:07:06.650640 IRAS06165+3158 2457074.466299 -25.069816 10 2500.0 1.044256 74430.0 20150220
630854 2015-03-18T00:12:19.001473 IRAS06165+3158 2457099.50928 -29.600716 10 2500.0 1.595478 80457.0 20150317
631985 2015-03-30T21:29:30.261829 IRAS06165+3158 2457112.39495 -29.591775 10 2500.0 1.129869 84734.0 20150330
632541 2015-04-03T22:06:44.665257 IRAS06165+3158 2457116.420418 -29.383709 10 2500.0 1.285848 105472.0 20150403
636652 2015-04-22T21:22:05.779470 IRAS06165+3158 2457135.38765 -26.378162 10 2500.0 1.420479 115428.0 20150422
637164 2015-04-24T21:35:23.488344 IRAS06165+3158 2457137.39671 -25.901262 10 2500.0 1.54471 107309.0 20150424
662587 2015-09-14T05:03:53.982634 IRAS06165+3158 2457279.709713 28.844145 10 2500.0 1.356433 74320.0 20150913
670367 2015-10-05T04:20:29.923835 IRAS06165+3158 2457300.681615 29.360253 10 2400.0 1.207602 49145.0 20151004
694859 2016-01-06T02:30:55.074671 IRAS06165+3158 2457393.610328 -5.70407 10 2500.0 1.073949 78318.0 20160105
699498 2016-02-11T00:39:10.761695 IRAS06165+3158 2457429.531042 -21.908758 10 2500.0 1.129654 88237.0 20160210
700239 2016-02-18T01:08:58.587028 IRAS06165+3158 2457436.551199 -24.263676 10 2500.0 1.302483 93822.0 20160217
702114 2016-03-07T20:37:29.322707 IRAS06165+3158 2457455.361011 -28.289885 10 2500.0 1.002651 75339.0 20160307
706678 2016-04-01T22:28:49.559756 IRAS06165+3158 2457480.435886 -29.509115 10 2500.0 1.357447 70978.0 20160401
