725246 2016-07-24T22:20:22.856835 89_Her 2457594.433976 -10.623239 10 120.0 1.010806 1091927.0 20160724
726913 2016-08-05T22:08:59.862072 89_Her 2457606.425583 -13.681872 10 120.0 1.001086 817096.0 20160805
869674 2018-03-20T03:49:34.474074 89_Her 2458197.659456 19.723737 10 180.0 1.439901 1204139.0 20180319
909601 2019-01-31T06:15:56.051324 89_Her 2458514.758307 13.454681 10 200.0 1.759074 6926685.0 20190130
909853 2019-02-02T07:00:39.955588 89_Her 2458516.789462 13.917168 10 170.0 1.389956 8169704.0 20190201
910668 2019-02-08T04:20:43.923092 89_Her 2458522.678678 15.371394 10 300.0 3.416914 9438219.0 20190207
911315 2019-02-13T04:30:52.759282 89_Her 2458527.685984 16.389046 10 120.0 2.514374 4100513.0 20190212
912291 2019-02-23T06:04:20.830663 89_Her 2458537.75146 17.955095 10 120.0 1.272493 4513097.0 20190222
914594 2019-03-12T03:16:03.256095 89_Her 2458554.635639 19.617464 10 200.0 2.009439 5572427.0 20190311
914820 2019-03-14T03:22:36.593756 89_Her 2458556.640321 19.680112 10 120.0 1.834256 3682895.0 20190313
915091 2019-03-16T03:31:16.675897 89_Her 2458558.64647 19.715974 10 200.0 1.68437 6175976.0 20190315
915759 2019-03-22T05:08:30.454478 89_Her 2458564.714384 19.59167 10 200.0 1.125723 6728692.0 20190321
916266 2019-03-27T05:40:26.378206 89_Her 2458569.736883 19.374734 10 120.0 1.039672 4121722.0 20190326
916367 2019-03-28T03:21:56.812834 89_Her 2458570.640765 19.509909 10 200.0 1.425165 6322804.0 20190327
918158 2019-04-20T03:18:02.725437 89_Her 2458593.63945 16.828047 10 60.0 1.115507 2755601.0 20190419
919726 2019-05-01T00:55:42.507974 89_Her 2458604.541173 14.834992 10 60.0 1.491762 1026806.0 20190430
921044 2019-05-13T00:07:33.323366 89_Her 2458616.508258 11.938977 10 60.0 1.497754 1960950.0 20190512
921896 2019-05-20T23:37:21.431452 89_Her 2458624.487568 9.765446 10 60.0 1.489952 2260596.0 20190520
922818 2019-05-29T22:41:47.531422 89_Her 2458633.449226 7.151474 10 60.0 1.630835 1832313.0 20190529
924909 2019-06-13T23:51:28.572248 89_Her 2458648.497842 2.265528 10 60.0 1.096193 2560188.0 20190613
926985 2019-06-26T01:11:22.799887 89_Her 2458660.553338 -1.798534 10 60.0 1.003677 2689306.0 20190625
927540 2019-06-30T22:31:13.457705 89_Her 2458665.442077 -3.148273 10 60.0 1.123587 2411713.0 20190630
929470 2019-07-18T23:39:39.362216 89_Her 2458683.48923 -8.839519 10 60.0 1.003327 2722944.0 20190718
932990 2019-08-22T22:34:39.750807 89_Her 2458718.442558 -16.958982 10 60.0 1.064922 2869764.0 20190822
934175 2019-09-02T22:26:18.387454 89_Her 2458729.43611 -18.466716 10 60.0 1.130173 3473373.0 20190902
934717 2019-09-07T22:08:37.719778 89_Her 2458734.423525 -18.913488 10 60.0 1.134691 2266719.0 20190907
