505824 2013-11-07T04:58:20.854269 HD52961 2456603.70987 25.60616 10 200.0 1.053583 500636.0 20131106
507140 2013-11-15T01:49:09.607969 HD52961 2456611.579133 23.666228 10 400.0 1.395368 231251.0 20131114
509120 2013-12-04T06:11:34.417492 HD52961 2456630.762648 16.030446 10 400.0 1.357532 647941.0 20131203
510670 2014-01-04T01:30:31.364489 HD52961 2456661.568403 1.309138 10 400.0 1.052282 787226.0 20140103
510880 2014-01-06T02:27:15.803534 HD52961 2456663.607812 0.136429 10 1200.0 1.089796 2990452.0 20140105
511387 2014-01-13T00:57:54.969109 HD52961 2456670.54573 -3.342754 10 1200.0 1.052027 1268682.0 20140112
517395 2014-01-28T03:07:53.605377 HD52961 2456685.635633 -11.17331 10 400.0 1.539332 666311.0 20140127
533288 2014-02-14T02:36:48.243144 HD52961 2456702.613208 -18.721189 10 400.0 1.84761 818877.0 20140213
534439 2014-02-27T23:36:45.773746 HD52961 2456716.48721 -23.495456 10 450.0 1.166997 519871.0 20140227
557255 2014-04-26T21:01:37.908369 HD52961 2456774.374139 -27.609472 10 580.0 1.431105 419321.0 20140426
559091 2014-05-11T21:13:53.002885 HD52961 2456789.381359 -24.228804 10 400.0 2.089961 768319.0 20140511
559238 2014-05-12T21:05:30.414175 HD52961 2456790.375464 -23.94245 10 400.0 2.027099 620010.0 20140512
596025 2014-10-01T06:19:20.940889 HD52961 2456931.762622 29.029567 10 530.5 1.115421 1183097.0 20140930
597255 2014-10-09T04:42:07.483568 HD52961 2456939.695874 29.411645 10 400.0 1.280891 996648.0 20141008
615092 2015-01-13T01:15:26.373528 HD52961 2457035.557907 -3.222706 10 900.0 1.055897 1339258.0 20150112
619243 2015-01-27T01:07:12.290537 HD52961 2457049.551873 -10.358039 10 600.0 1.098228 432942.0 20150126
632127 2015-03-31T22:25:33.274746 HD52961 2457113.434928 -29.259321 10 400.0 1.34369 782927.0 20150331
683603 2015-11-27T01:06:51.586224 HD52961 2457353.550594 19.709008 10 400.0 1.381245 353445.0 20151126
696332 2016-01-17T03:03:45.985886 HD52961 2457404.633091 -5.400165 10 306.0 1.290473 454421.0 20160116
699363 2016-02-10T02:04:09.953258 HD52961 2457428.590823 -16.809242 10 640.0 1.437523 1116323.0 20160209
703485 2016-03-10T22:24:38.560662 HD52961 2457458.436194 -26.460084 10 400.0 1.11488 843029.0 20160310
761512 2016-12-08T23:31:08.495461 HD52961 2457731.48485 14.431727 10 1800.0 1.778729 449926.0 20161208
769021 2017-02-22T01:58:13.402470 HD52961 2457806.585902 -21.774435 10 400.0 1.778535 621544.0 20170221
771695 2017-03-23T22:34:18.766864 HD52961 2457836.441756 -28.648465 10 500.0 1.257693 451547.0 20170323
776256 2017-04-13T21:12:47.415225 HD52961 2457857.383122 -29.073302 10 400.0 1.26416 903739.0 20170413
779561 2017-05-01T21:05:43.567169 HD52961 2457875.376548 -26.606455 10 400.0 1.595427 131808.0 20170501
782632 2017-05-19T20:51:11.054558 HD52961 2457893.36501 -21.720523 10 400.0 2.235426 701049.0 20170519
844106 2017-09-19T05:45:28.132875 HD52961 2458015.738019 27.751482 10 400.0 1.335603 496802.0 20170918
855165 2017-11-01T05:33:02.867786 HD52961 2458058.733484 26.913169 10 400.0 1.05137 818498.0 20171031
860432 2017-12-14T04:04:11.661005 HD52961 2458101.674699 11.709267 10 360.0 1.107202 469746.0 20171213
861917 2018-01-05T02:26:55.240146 HD52961 2458123.607616 0.702652 10 600.0 1.089644 2157886.0 20180104
866284 2018-02-18T01:57:09.672968 HD52961 2458167.585472 -20.234536 10 400.0 1.621308 1310529.0 20180217
867659 2018-03-04T22:44:01.032176 HD52961 2458182.450231 -24.838453 10 400.0 1.104182 980598.0 20180304
870118 2018-03-22T23:54:56.048117 HD52961 2458200.497871 -28.604677 10 420.0 1.681869 986164.0 20180322
871784 2018-04-04T21:54:13.182913 HD52961 2458213.4128 -29.356471 10 400.0 1.282221 1341994.0 20180404
873400 2018-04-16T22:30:02.184714 HD52961 2458225.43651 -28.975562 10 450.0 1.805944 503736.0 20180416
904535 2018-12-02T06:05:42.516988 HD52961 2458454.758502 17.030222 10 400.0 1.293353 2614649.0 20181201
905152 2018-12-13T06:41:39.059652 HD52961 2458465.784009 12.023391 10 400.0 1.801033 2685501.0 20181212
908746 2019-01-24T03:16:00.907008 HD52961 2458507.641468 -9.071739 10 400.0 1.480776 2185012.0 20190123
912930 2019-02-28T02:16:57.782328 HD52961 2458542.598529 -23.613528 10 400.0 2.328898 1849185.0 20190227
916251 2019-03-27T00:01:32.970003 HD52961 2458569.502118 -29.01284 10 400.0 1.897105 1927179.0 20190326
919187 2019-04-29T22:03:02.381764 HD52961 2458603.416591 -27.169853 10 205.0 2.120256 716733.0 20190429
