341870 2011-03-31T06:16:54.904733 HP_Lyr 2455651.760627 13.298886 10 400.0 1.1004 44493.0 20110330
352949 2011-05-28T03:17:55.043848 HP_Lyr 2455709.638974 12.128381 10 1800.0 1.052622 301628.0 20110527
360799 2011-07-17T22:46:52.539397 HP_Lyr 2455760.452026 2.255374 10 1800.0 1.164526 214997.0 20110717
363456 2011-08-11T00:37:43.847026 HP_Lyr 2455784.528945 -3.772559 10 1800.0 1.048951 232455.0 20110810
376021 2011-10-09T20:34:40.671436 HP_Lyr 2455844.358251 -13.941141 10 1800.0 1.042808 217056.0 20111009
384771 2011-11-14T20:25:47.233963 HP_Lyr 2455880.350363 -14.012646 10 1800.0 1.316638 148362.0 20111114
397283 2012-03-25T04:04:06.451931 HP_Lyr 2456011.668176 12.861283 10 660.0 1.70925 75446.0 20120324
406690 2012-05-10T03:12:33.026388 HP_Lyr 2456057.634504 13.942321 10 1800.0 1.170774 238185.0 20120509
413150 2012-07-07T04:04:24.437068 HP_Lyr 2456115.67243 4.241961 10 1200.0 1.170672 260882.0 20120706
416938 2012-08-16T00:39:08.467906 HP_Lyr 2456155.529848 -5.127412 10 750.0 1.087538 148100.0 20120815
421028 2012-09-23T21:38:48.971938 HP_Lyr 2456194.403463 -12.370074 10 1504.474 1.048542 230277.0 20120923
428012 2012-10-13T20:14:22.745336 HP_Lyr 2456214.343939 -14.257957 10 1800.0 1.04158 153594.0 20121013
456794 2013-03-30T03:38:06.979400 HP_Lyr 2456381.650334 13.373299 10 1800.0 1.853932 287118.0 20130329
473369 2013-05-26T00:51:08.434047 HP_Lyr 2456438.53699 12.495125 10 1800.0 1.453789 284071.0 20130525
476283 2013-06-19T23:59:31.123921 HP_Lyr 2456463.502005 8.358875 10 1800.0 1.262021 323634.0 20130619
476887 2013-06-25T02:47:33.197851 HP_Lyr 2456468.618826 7.087487 10 1500.0 1.021146 270745.0 20130624
477879 2013-07-09T02:53:19.414281 HP_Lyr 2456482.623095 3.926741 10 1740.0 1.057086 171607.0 20130708
480784 2013-08-04T00:27:03.348148 HP_Lyr 2456508.521605 -2.17849 10 1800.0 1.025422 217332.0 20130803
481564 2013-08-09T03:15:49.523370 HP_Lyr 2456513.638759 -3.605287 10 900.0 1.469893 144917.0 20130808
495504 2013-10-01T00:40:19.730248 HP_Lyr 2456566.529226 -13.388503 10 1800.0 1.776667 253576.0 20130930
507697 2013-11-21T21:05:55.829527 HP_Lyr 2456618.377912 -13.342777 10 2000.0 1.683405 289215.0 20131121
508458 2013-11-26T20:43:19.943637 HP_Lyr 2456623.362007 -12.741872 10 1600.0 1.686448 157120.0 20131126
532678 2014-02-09T06:36:33.636139 HP_Lyr 2456697.772752 4.369302 10 1800.0 2.011313 149895.0 20140208
533155 2014-02-13T06:05:32.714977 HP_Lyr 2456701.751274 5.330514 10 1800.0 2.202925 223714.0 20140212
558969 2014-05-11T00:41:59.719870 HP_Lyr 2456788.529976 14.035238 10 1800.0 1.975748 188380.0 20140510
559483 2014-05-15T05:19:46.580118 HP_Lyr 2456792.723069 13.393589 10 1800.0 1.019695 282020.0 20140514
562760 2014-06-09T01:46:16.090063 HP_Lyr 2456817.575794 10.336514 10 1800.0 1.110729 278913.0 20140608
573703 2014-06-24T00:24:00.073554 HP_Lyr 2456832.519105 7.56768 10 1800.0 1.156286 256023.0 20140623
574062 2014-06-29T01:58:52.741217 HP_Lyr 2456837.585109 6.346987 10 1500.0 1.022118 207232.0 20140628
577992 2014-08-02T23:49:14.997975 HP_Lyr 2456872.49536 -1.82701 10 1800.0 1.020917 357674.0 20140802
578665 2014-08-08T00:09:40.376892 HP_Lyr 2456877.509502 -3.071041 10 1800.0 1.024413 322848.0 20140807
584531 2014-08-30T23:33:40.940732 HP_Lyr 2456900.484077 -8.250252 10 960.0 1.073603 169392.0 20140830
585251 2014-09-06T21:49:44.820808 HP_Lyr 2456907.411697 -9.487199 10 860.0 1.020713 157811.0 20140906
596496 2014-10-03T21:25:35.863204 HP_Lyr 2456934.393881 -13.49292 10 1800.0 1.071862 366245.0 20141003
607672 2014-10-30T20:26:35.368187 HP_Lyr 2456961.351628 -14.678455 10 1800.0 1.15102 256725.0 20141030
609218 2014-11-11T21:53:30.493410 HP_Lyr 2456973.411414 -14.272368 10 1800.0 1.753834 259006.0 20141111
641782 2015-05-26T05:13:51.381145 HP_Lyr 2457168.719418 12.212719 10 1800.0 1.029811 217871.0 20150525
648374 2015-07-09T04:40:51.202814 HP_Lyr 2457212.697761 3.910275 10 1800.0 1.273399 182062.0 20150708
654072 2015-08-23T00:08:57.622338 HP_Lyr 2457257.508772 -6.520426 10 1160.0 1.074993 154770.0 20150822
672875 2015-10-26T21:40:24.562159 HP_Lyr 2457322.403092 -14.758585 10 1400.0 1.329032 160002.0 20151026
