578163 2014-08-04T04:53:49.173183 TW_Cam 2456873.701479 20.513514 10 600.0 1.534462 234113.0 20140803
578786 2014-08-09T03:32:25.115639 TW_Cam 2456878.645294 21.531069 10 600.0 1.866345 193019.0 20140808
580871 2014-08-21T05:56:26.107630 TW_Cam 2456890.746206 23.253271 10 600.0 1.206709 217296.0 20140820
584659 2014-09-01T05:29:52.643791 TW_Cam 2456901.72863 24.070366 10 360.0 1.184576 155495.0 20140831
595925 2014-09-30T05:07:45.296568 TW_Cam 2456930.715546 22.183622 10 600.0 1.140806 240707.0 20140929
596969 2014-10-07T02:04:54.062022 TW_Cam 2456937.589059 21.048317 10 400.0 1.282284 190250.0 20141006
597800 2014-10-13T05:21:50.550627 TW_Cam 2456943.726239 19.472219 10 450.0 1.170813 176142.0 20141012
606978 2014-10-25T02:19:52.916285 TW_Cam 2456955.600589 16.292037 10 1380.0 1.171302 95010.0 20141024
608379 2014-11-06T03:47:05.127854 TW_Cam 2456967.661719 12.0546 10 600.0 1.169387 189609.0 20141105
611696 2014-12-04T23:44:47.121475 TW_Cam 2456996.494072 0.446462 10 600.0 1.161394 224255.0 20141204
612363 2014-12-09T21:40:46.300844 TW_Cam 2457001.407941 -1.56884 10 900.0 1.319265 30647.0 20141209
619230 2015-01-26T21:44:42.200900 TW_Cam 2457049.408868 -19.491872 10 900.0 1.144996 132854.0 20150126
649671 2015-07-19T03:49:45.425313 TW_Cam 2457222.656006 16.309532 10 600.0 2.48923 105301.0 20150718
651297 2015-07-31T03:33:14.819815 TW_Cam 2457234.645251 19.546873 10 600.0 2.153276 160604.0 20150730
653565 2015-08-19T05:00:57.829772 TW_Cam 2457253.707519 23.034337 10 600.0 1.325366 150108.0 20150818
661743 2015-09-12T06:08:38.951370 TW_Cam 2457277.75643 24.017125 10 600.0 1.140933 172896.0 20150911
665173 2015-09-17T04:23:39.408511 TW_Cam 2457282.683911 23.830125 10 600.0 1.191645 145550.0 20150916
696536 2016-01-19T00:24:35.247191 TW_Cam 2457406.520407 -17.265347 10 600.0 1.298539 150478.0 20160118
737505 2016-09-10T05:59:03.448156 TW_Cam 2457641.749679 24.059585 10 600.0 1.142036 107929.0 20160909
753504 2016-10-15T04:31:07.618695 TW_Cam 2457676.691199 18.884628 10 600.0 1.144435 127237.0 20161014
759974 2016-11-23T23:33:47.196251 TW_Cam 2457716.486364 4.985417 10 900.0 1.218699 164944.0 20161123
761803 2016-12-12T22:37:37.581833 TW_Cam 2457735.447417 -3.147572 10 1800.0 1.203537 146885.0 20161212
762100 2016-12-16T00:28:27.886903 TW_Cam 2457738.524348 -4.567188 10 920.0 1.143946 140024.0 20161215
763266 2017-01-08T21:58:52.938351 TW_Cam 2457762.419721 -13.985804 10 900.0 1.14412 135760.0 20170108
769359 2017-02-25T22:24:08.322825 TW_Cam 2457810.433993 -24.48715 10 600.0 1.377005 106305.0 20170225
777291 2017-04-21T21:07:47.117913 TW_Cam 2457865.376926 -16.737673 10 600.0 2.12557 123536.0 20170421
834364 2017-08-13T05:36:54.986361 TW_Cam 2457978.732095 22.210653 10 560.0 1.289843 137624.0 20170812
835486 2017-08-21T03:48:17.719293 TW_Cam 2457986.657263 23.363665 10 600.0 1.521925 65552.0 20170820
842747 2017-09-13T03:49:48.796879 TW_Cam 2458009.660148 24.068717 10 600.0 1.261016 108876.0 20170912
858500 2017-11-29T01:37:47.861877 TW_Cam 2458086.572553 2.787983 10 720.0 1.144957 168224.0 20171128
860566 2017-12-15T00:47:29.820982 TW_Cam 2458102.537591 -4.057271 10 480.0 1.151447 210306.0 20171214
863942 2018-01-21T23:21:44.235258 TW_Cam 2458140.476577 -18.269743 10 1200.0 1.203462 127855.0 20180121
867649 2018-03-04T20:31:56.947931 TW_Cam 2458182.355548 -24.572055 10 600.0 1.203968 274498.0 20180304
868853 2018-03-13T22:46:55.035756 TW_Cam 2458191.448536 -24.386529 10 600.0 1.724579 275291.0 20180313
870410 2018-03-24T21:29:54.153071 TW_Cam 2458202.394189 -23.203017 10 540.0 1.559302 158797.0 20180324
892634 2018-08-25T05:58:14.553238 TW_Cam 2458355.747808 23.614263 10 600.0 1.18449 836971.0 20180824
893516 2018-09-02T04:05:42.349092 TW_Cam 2458363.670286 24.157071 10 600.0 1.321475 700756.0 20180901
904076 2018-11-28T01:58:09.184141 TW_Cam 2458450.586679 3.313826 10 513.0 1.152893 601778.0 20181127
904716 2018-12-04T04:55:56.798968 TW_Cam 2458456.710189 0.547485 10 600.0 1.595268 467890.0 20181203
907085 2019-01-08T21:36:51.302420 TW_Cam 2458492.404459 -13.79019 10 900.0 1.155509 471849.0 20190108
908139 2019-01-18T21:17:05.468725 TW_Cam 2458502.390217 -17.135499 10 700.0 1.145098 790716.0 20190118
908725 2019-01-23T22:56:28.572479 TW_Cam 2458507.458931 -18.733317 10 475.0 1.188665 447518.0 20190123
