507695 2013-11-21T20:01:32.258299 IRAS19125+0343 2456618.331213 -21.337394 10 1800.0 1.708791 279480.0 20131121
573638 2014-06-23T02:05:29.196793 IRAS19125+0343 2456831.592132 8.935559 10 1500.0 1.112329 270893.0 20140622
574541 2014-07-06T01:48:42.080718 IRAS19125+0343 2456844.58074 3.226452 10 1500.0 1.103493 228742.0 20140705
577853 2014-08-01T23:20:25.247619 IRAS19125+0343 2456871.477525 -8.547928 10 1500.0 1.117745 334034.0 20140801
585062 2014-09-04T21:44:13.606131 IRAS19125+0343 2456905.409008 -20.967876 10 1200.0 1.103331 241173.0 20140904
596497 2014-10-03T21:56:35.462269 IRAS19125+0343 2456934.415256 -26.64359 10 1500.0 1.28868 304605.0 20141003
640963 2015-05-20T05:25:52.542114 IRAS19125+0343 2457162.729531 21.024323 10 1500.0 1.116681 170769.0 20150519
645619 2015-06-19T00:47:28.795712 IRAS19125+0343 2457192.537813 10.868796 10 1500.0 1.282426 258422.0 20150618
648370 2015-07-09T02:33:55.417221 IRAS19125+0343 2457212.612162 1.916579 10 1500.0 1.141904 217585.0 20150708
651004 2015-07-28T23:31:33.177542 IRAS19125+0343 2457232.485357 -6.71243 10 1400.0 1.121751 241697.0 20150728
664483 2015-09-16T22:34:50.001137 IRAS19125+0343 2457282.44326 -24.066641 10 1500.0 1.205952 152379.0 20150916
717761 2016-06-16T02:11:21.126994 IRAS19125+0343 2457555.590742 29.590485 10 1496.0 1.127278 176383.0 20160615
724760 2016-07-22T01:27:13.960849 IRAS19125+0343 2457591.565791 -4.162805 10 1500.0 1.002612 120693.0 20160721
727204 2016-08-07T23:54:15.204708 IRAS19125+0343 2457608.500785 -11.368538 10 2000.0 1.105311 195321.0 20160807
787569 2017-06-10T02:14:26.560121 IRAS19125+0343 2457914.59783 14.114094 10 1500.0 1.154891 236099.0 20170609
888041 2018-07-17T01:43:48.949801 IRAS19125+0343 2458316.577333 -1.728894 10 1500.0 1.121111 291390.0 20180716
892837 2018-08-27T00:03:02.493990 IRAS19125+0343 2458357.505945 -18.379565 10 1500.0 1.220153 1042271.0 20180826
915098 2019-03-16T06:22:45.843261 IRAS19125+0343 2458558.763522 24.310704 10 1500.0 1.436789 700257.0 20190315
916371 2019-03-28T05:10:34.035890 IRAS19125+0343 2458570.714385 26.223066 10 420.0 1.527824 140969.0 20190327
943162 2019-10-31T20:04:39.196123 IRAS19125+0343 2458788.335019 -25.931719 10 1600.0 1.274472 414257.0 20191031
