384461 2011-11-07T19:48:36.059531 EP_Lyr 2455873.32428 -18.716475 10 1200.0 1.150481 49669.0 20111107
421844 2012-09-28T00:01:35.554511 EP_Lyr 2456198.502521 -18.329748 10 1200.0 1.558433 138398.0 20120927
474210 2013-05-31T04:01:39.877507 EP_Lyr 2456443.670405 14.176929 10 1200.0 1.000248 202368.0 20130530
476886 2013-06-25T02:22:45.497408 EP_Lyr 2456468.602642 7.665261 10 1100.0 1.000234 204510.0 20130624
495503 2013-10-01T00:12:14.811779 EP_Lyr 2456566.509757 -18.679895 10 1200.0 1.72767 246150.0 20130930
507242 2013-11-15T20:51:50.746364 EP_Lyr 2456612.367699 -17.734436 10 1500.0 1.553868 34557.0 20131115
508457 2013-11-26T20:16:59.412348 EP_Lyr 2456623.34289 -15.781225 10 1200.0 1.634232 93562.0 20131126
532894 2014-02-11T06:45:32.783943 EP_Lyr 2456699.778284 8.475346 10 1200.0 1.915566 161545.0 20140210
558562 2014-05-08T02:35:50.986533 EP_Lyr 2456785.609541 18.340699 10 1200.0 1.29979 133138.0 20140507
574321 2014-07-02T22:26:16.890850 EP_Lyr 2456841.438588 5.647405 10 985.0 1.430415 138805.0 20140702
584742 2014-09-01T22:11:21.132240 EP_Lyr 2456902.42737 -13.099127 10 1060.0 1.002081 162341.0 20140901
641899 2015-05-27T00:36:43.286705 EP_Lyr 2457169.527853 15.437135 10 1200.0 1.538504 141086.0 20150526
650610 2015-07-26T01:09:20.429090 EP_Lyr 2457229.551953 -2.007031 10 1200.0 1.013752 262296.0 20150725
654073 2015-08-23T00:29:33.409619 EP_Lyr 2457257.52374 -10.608799 10 880.0 1.107436 139385.0 20150822
661714 2015-09-11T22:38:56.472676 EP_Lyr 2457277.446063 -15.389928 10 1200.0 1.050627 183808.0 20150911
728549 2016-08-18T21:29:44.089609 EP_Lyr 2457619.398967 -9.358378 10 1200.0 1.049049 91495.0 20160818
737619 2016-09-10T22:00:54.121968 EP_Lyr 2457642.419653 -15.272364 10 1200.0 1.002612 148755.0 20160910
769136 2017-02-23T05:47:25.749271 EP_Lyr 2457807.738312 12.018148 10 1200.0 2.029778 231316.0 20170222
786630 2017-06-03T04:35:27.953640 EP_Lyr 2457907.693997 13.407407 10 1200.0 1.013249 178161.0 20170602
887645 2018-07-14T05:26:56.281887 EP_Lyr 2458313.730815 1.480227 10 1200.0 1.750979 305368.0 20180713
893167 2018-08-30T00:49:29.064740 EP_Lyr 2458360.537276 -12.572481 10 1200.0 1.225504 388701.0 20180829
897112 2018-10-04T23:46:44.822106 EP_Lyr 2458396.491787 -19.050696 10 1200.0 1.633121 537880.0 20181004
904803 2018-12-08T20:17:26.336267 EP_Lyr 2458461.342614 -13.05826 10 1200.0 2.127548 494805.0 20181208
911320 2019-02-13T06:30:37.496622 EP_Lyr 2458527.767934 9.005501 10 1800.0 2.071017 488274.0 20190212
911961 2019-02-20T06:00:56.575979 EP_Lyr 2458534.747548 11.047032 10 1200.0 2.03333 330264.0 20190219
914601 2019-03-12T05:45:45.644214 EP_Lyr 2458554.737891 15.864774 10 1200.0 1.469928 629236.0 20190311
914825 2019-03-14T04:54:12.958924 EP_Lyr 2458556.702199 16.279823 10 1896.0 1.867511 749478.0 20190313
916372 2019-03-28T06:06:10.407516 EP_Lyr 2458570.752971 18.280257 10 1200.0 1.144609 520037.0 20190327
932252 2019-08-15T23:53:13.678675 EP_Lyr 2458711.4987 -8.496886 10 832.0 1.0202 627913.0 20190815
943945 2019-11-08T19:52:15.548143 EP_Lyr 2458796.326734 -18.635088 10 600.0 1.182512 383048.0 20191108
